Time,End_time,Duration_s,Flow_Lmin,Litros_totales
1551435407,1551438717,3310,4.442068965517241,10.176
1551440826,1551441839,1013,3.36,1.306
1551465957,1551470314,4357,1.8013333333333332,27.371
1551475985,1551476162,177,1.1365714285714286,2.313
1551510248,1551511717,1469,3.465445544554455,14.958
1551515412,1551516736,1324,3.1910769230769227,3.71
1551525990,1551528526,2536,2.243157894736842,16.09
1551550748,1551550758,10,0.3675,0.055
1551602074,1551602079,5,1.68,0.168
1551606539,1551608151,1612,1.5490909090909089,0.646
1551643854,1551644992,1138,1.8136842105263158,18.553
1551682964,1551683130,166,2.605714285714286,1.546
1551768995,1551769005,10,1.9636363636363636,0.36
1551771397,1551771419,22,3.212727272727273,1.241
1551775586,1551777055,1469,2.4266666666666663,5.073
1551781790,1551782354,564,2.605531914893617,10.177
1551787448,1551788103,655,1.3957142857142857,8.383
1551888593,1551888610,17,1.236,0.231
1551900095,1551900390,295,1.9733333333333332,8.481
1552235085,1552236674,1589,1.7704477611940297,5.535
1552243624,1552243659,35,3.54,2.138
1552249905,1552249919,14,1.429090909090909,0.27
1552287028,1552287641,613,2.4734328358208955,2.941
1552305192,1552308346,3154,2.3020312499999998,15.309
1552421271,1552422476,1205,1.6688888888888886,9.624
1552460646,1552461146,500,1.6707692307692308,3.196
1552515276,1552515280,4,0.585,0.041
1552545965,1552546063,98,2.52,0.7
1552583872,1552584263,391,1.5313043478260868,4.229
1552634692,1552635360,668,2.0906666666666665,5.141
1552648344,1552648347,3,0.86,0.067
1552651013,1552652024,1011,1.6983333333333335,8.403
1552679695,1552679698,3,1.065,0.071
1552684808,1552685096,288,3.0376470588235294,7.338
1552719412,1552719461,49,0.708,0.149
1552724866,1552724893,27,1.111764705882353,0.373
1552728042,1552729279,1237,1.7427272727272727,10.028
1552736959,1552736964,5,6.3,0.63
1552738848,1552738850,2,1.18,0.059
1552752662,1552754463,1801,2.752027972027972,27.627
1552757357,1552757902,545,2.2725,7.145
1552807032,1552807974,942,2.2729787234042553,25.635
1552811949,1552812266,317,0.5549999999999999,0.665
1552951941,1552952115,174,2.907857142857143,7.662
1552977169,1552977947,778,1.3023529411764707,18.76
1553026560,1553026869,309,1.166938775510204,2.285
1553066527,1553066558,31,3.29,1.763
1553069944,1553069945,1,2.07,0.069
1553072459,1553072469,10,3.212727272727273,0.589
1553076012,1553076715,703,2.425,4.616
1553080513,1553082812,2299,2.1678602620087335,18.886
1553089855,1553090401,546,1.2811764705882351,6.452
1553093080,1553093224,144,2.13,2.822
1553149596,1553149727,131,3.684545454545454,2.888
1553199752,1553200261,509,2.259230769230769,1.748
1553238160,1553238487,327,3.964390243902439,8.311
1553241578,1553241583,5,2.4099999999999997,0.241
1553243704,1553243706,2,1.72,0.086
1553249013,1553249021,8,1.1500000000000001,0.121
1553251502,1553251506,4,2.592,0.216
1553253327,1553254835,1508,1.0545454545454545,1.374
1553256813,1553259123,2310,2.2078124999999997,4.115
1553268082,1553268269,187,3.3163636363636364,4.641
1553270909,1553271123,214,1.9899999999999998,5.623
1553276625,1553277705,1080,1.8556097560975608,1.804
1553323306,1553325835,2529,1.152,20.624
1553328041,1553329309,1268,2.4019354838709677,19.467
1553333035,1553333041,6,0.7628571428571428,0.089
1553341709,1553342000,291,1.3378124999999998,6.24
1553344549,1553345671,1122,3.415151515151515,14.231
1553371823,1553372949,1126,1.7482758620689653,5.541
1553411081,1553411137,56,1.781111111111111,1.687
1553420717,1553429384,8667,2.7265841584158417,61.823
1553433336,1553433671,335,0.6599999999999999,6.702
1553437811,1553440624,2813,2.110961538461538,17.162
1553443072,1553443767,695,1.6291304347826085,11.619
1553446168,1553450908,4740,1.836044776119403,40.762
1553497077,1553498487,1410,2.17125,10.98
1553544724,1553544747,23,1.3609090909090908,0.55
1553581798,1553582521,723,1.4674999999999998,4.262
1553584351,1553584447,96,0.8785714285714286,0.679
1553598696,1553600306,1610,2.4033707865168537,22.087
1553615242,1553617954,2712,3.0117391304347825,25.286
1553627095,1553627216,121,2.659310344827586,4.208
1553669248,1553669624,376,2.828,1.487
1553756483,1553756493,10,0.7919999999999999,0.078
1553761552,1553764764,3212,2.7377142857142855,48.64
1553773127,1553773158,31,0.9171428571428571,0.207
1553777234,1553777247,13,2.644615384615385,0.62
1553786777,1553786792,15,1.9599999999999997,0.429
1553808669,1553808674,5,1.3399999999999999,0.073
1553811934,1553812149,215,1.599622641509434,4.143
1553841889,1553843622,1733,1.3311111111111111,0.632
1553893307,1553893319,12,0.7,0.084
1553898912,1553898920,8,1.3885714285714286,0.166
1553927390,1553927407,17,1.248,0.34
1553938304,1553940231,1927,1.2705882352941176,0.476
1553942080,1553942090,10,1.95,0.365
1553944059,1553944465,406,0.12,0.814
1554043540,1554044299,759,0.7975,11.812
1554099001,1554099983,982,1.6736842105263157,0.53
1554111053,1554112666,1613,1.9365714285714286,7.369
1554155549,1554156773,1224,1.886315789473684,3.149
1554183905,1554184652,747,1.0035,2.559
1554186759,1554186775,16,2.4975,0.396
1554232933,1554233534,601,2.2928571428571427,8.377
1554325174,1554325178,4,2.04,0.17
1554354011,1554354350,339,1.7745454545454544,9.791
1554625904,1554625924,20,1.0999999999999999,0.091
1554809452,1554811866,2414,2.1685714285714286,24.749
1554821564,1554821569,5,1.8299999999999998,0.183
1554835073,1554835790,717,1.6889999999999998,6.992
1554838850,1554839351,501,1.4684210526315788,0.514
1554847279,1554847487,208,2.34,4.985
1554875951,1554876207,256,1.7733333333333334,11.787
1554879864,1554879868,4,0.825,0.057
1554964133,1554964138,5,2.7399999999999998,0.274
1555014276,1555014278,2,1.2799999999999998,0.064
1555050980,1555050986,6,1.9899999999999998,0.203
1555063424,1555063432,8,0.43999999999999995,0.034
1555085519,1555085528,9,4.962,0.827
1555088692,1555088702,10,2.01,0.344
1555139646,1555139677,31,2.922,1.561
1555175108,1555175629,521,2.2578571428571426,13.553
1555180500,1555180926,426,0.765,3.858
1555183148,1555183934,786,1.9189090909090907,2.358
1555186486,1555186488,2,1.0,0.05
1555259811,1555259818,7,4.885714285714285,0.666
1555306566,1555310171,3605,1.4535,9.652
1555363105,1555363375,270,1.577142857142857,6.875
1555394439,1555395085,646,2.8066666666666666,6.371
1555424449,1555424454,5,2.6999999999999997,0.27
1555429302,1555429327,25,0.54,0.356
1555439218,1555442841,3623,2.02875,4.046
1555479730,1555481320,1590,1.590566037735849,10.626
1555570241,1555571193,952,1.1099999999999999,0.185
1555679678,1555679708,30,0.9085714285714285,0.202
1555683661,1555683666,5,0.888,0.076
1555688418,1555690106,1688,3.169208633093525,8.312
1555718299,1555718303,4,1.884,0.157
1555746694,1555746731,37,2.1758823529411764,1.317
1555759685,1555759713,28,2.4063157894736844,0.825
1555762618,1555762622,4,0.948,0.079
1555876772,1555876777,5,2.79,0.279
1555911620,1555911628,8,2.0025,0.291
1555921144,1555921167,23,3.321428571428571,0.795
1555931056,1555931558,502,1.185,0.265
1555961644,1555961736,92,1.5247058823529411,0.606
1555966409,1555966494,85,1.703076923076923,0.546
1555968510,1555968515,5,1.64,0.164
1555975192,1555975195,3,2.565,0.171
1556002146,1556002795,649,1.8599999999999999,12.622
1556010092,1556010308,216,2.7423529411764704,13.179
1556024110,1556026894,2784,2.06123595505618,28.988
1556029407,1556029671,264,2.8533333333333335,12.525
1556032463,1556032467,4,0.6599999999999999,0.037
1556047335,1556049815,2480,3.0790163934426227,22.452
1556127663,1556127663,1,0.8999999999999999,0.015
1556184101,1556184118,17,1.7299999999999998,0.197
1556226895,1556226931,36,2.4975,1.11
1556257476,1556257864,388,2.4,15.238
1556266906,1556271882,4976,2.4232191780821917,30.25
1556281252,1556281346,94,5.236551724137931,8.077
1556320264,1556320276,12,1.2,0.098
1556331446,1556333435,1989,2.2009999999999996,3.697
1556353416,1556353754,338,3.4689795918367343,9.117
1556393688,1556393791,103,2.177142857142857,3.455
1556404473,1556404475,2,1.06,0.053
1556432804,1556432806,2,5.1,0.255
1556449926,1556450231,305,2.1070588235294117,3.751
1556490223,1556490238,15,0.96,0.122
1556516562,1556518598,2036,1.59375,9.797
1556647394,1556648888,1494,2.3811111111111107,19.86
1556698376,1556699959,1583,1.9810526315789474,6.389
1556776261,1556777198,937,1.7458536585365854,7.991
1556780355,1556780416,61,2.7359999999999998,1.636
1556822331,1556830036,7705,2.0418677042801554,38.784
1556863216,1556864734,1518,0.7297959183673469,7.225
1556868299,1556868302,3,1.02,0.071
1556908559,1556913093,4534,2.6141721854304634,25.201
1556948759,1556948766,7,1.3114285714285714,0.186
1556974098,1556975357,1259,4.1456,8.91
1556998268,1556999925,1657,2.47695652173913,3.33
1557033060,1557033065,5,1.43,0.143
1557164167,1557164257,90,3.7885714285714287,4.928
1557166670,1557174298,7628,2.381123595505618,101.613
1557177663,1557181323,3660,2.398874296435272,67.963
1557292463,1557292676,213,2.170181818181818,6.521
1557354854,1557354864,10,2.061818181818182,0.378
1557378949,1557380328,1379,1.3753846153846154,0.298
1557422590,1557425229,2639,2.210625,16.941
1557433947,1557433956,9,0.678,0.113
1557439251,1557439298,47,0.6675,0.18
1557467759,1557468637,878,1.5015384615384615,1.43
1557763013,1557763015,2,2.96,0.148
1557771364,1557771366,2,0.74,0.037
1557775765,1557777735,1970,2.127640449438202,5.016
1557812823,1557812838,15,1.5085714285714285,0.241
1557861404,1557861416,12,0.33428571428571424,0.051
1557899093,1557899284,191,1.8074999999999999,1.269
1557903196,1557903236,40,2.3857894736842105,1.635
1557954030,1557954167,137,2.2965217391304344,3.546
1557959660,1557959803,143,3.0472058823529413,7.317
1557985824,1557986003,179,1.99875,5.611
1558096788,1558096807,19,1.02,0.288
1558116063,1558117200,1137,3.175609756097561,2.31
1558159001,1558164914,5913,1.5717857142857143,4.4
1558170379,1558170382,3,1.125,0.075
1558209697,1558209762,65,1.1257142857142857,0.958
1558253266,1558253735,469,1.92,3.841
1558256277,1558256331,54,1.9949999999999999,0.536
1558262164,1558262289,125,1.9349999999999998,2.368
1558268228,1558268579,351,3.9687567567567563,17.173
1558270879,1558270895,16,1.4475,0.211
1558273830,1558273837,7,1.8119999999999998,0.175
1558281767,1558281769,2,1.3399999999999999,0.067
1558288738,1558289413,675,3.017142857142857,1.216
1558300443,1558300512,69,2.544,2.637
1558338449,1558339055,606,2.3246511627906976,9.445
1558342209,1558344230,2021,2.5983673469387756,11.907
1558351272,1558351847,575,3.1879646017699117,8.792
1558362548,1558362655,107,2.5214285714285714,4.258
1558369752,1558369758,6,2.7257142857142855,0.318
1558371635,1558372047,412,3.2668085106382976,18.44
1558381257,1558382421,1164,1.686,2.274
1558417769,1558418271,502,1.7425,8.609
1558421177,1558421238,61,1.6414285714285715,1.521
1558457112,1558457116,4,0.96,0.066
1558466783,1558470539,3756,2.53046511627907,29.235
1558503922,1558504297,375,0.787741935483871,2.199
1558590662,1558590858,196,2.1083720930232555,4.296
1558594248,1558595790,1542,3.5083870967741935,7.231
1558599495,1558599504,9,2.66,0.437
1558676570,1558677031,461,2.293090909090909,7.117
1558767413,1558767952,539,2.055228426395939,15.33
1558770451,1558772230,1779,2.9071698113207547,3.008
1558787155,1558790243,3088,1.3878260869565218,11.632
1558792310,1558792318,8,2.0828571428571427,0.247
1558794142,1558794310,168,0.6839999999999999,0.403
1558979541,1558980457,916,1.2017142857142857,2.895
1558986478,1558986484,6,1.2799999999999998,0.165
1558988549,1558988679,130,1.5239999999999998,1.149
1558994218,1558994218,1,0.78,0.013
1559020000,1559020471,471,1.6297959183673467,6.55
1559146322,1559146681,359,2.7818181818181817,10.913
1559198642,1559201301,2659,2.155,11.669
1559203747,1559208025,4278,1.1860869565217391,13.212
1559212164,1559214163,1999,2.786896551724138,13.741
1559372500,1559374069,1569,2.0217391304347827,0.961
1559375912,1559376875,963,4.249787234042553,3.548
1559382342,1559387958,5616,2.334915254237288,71.698
1559390643,1559396989,6346,2.601935483870968,84.493
1559401314,1559401334,20,1.1676923076923076,0.338
1559406788,1559406791,3,2.025,0.135
1559412890,1559412915,25,3.5942857142857143,1.34
1559423290,1559423308,18,1.81,0.414
1559460126,1559462105,1979,2.1683168316831685,5.535
1559512441,1559512805,364,0.8563636363636363,0.865
1559540897,1559540912,15,0.828,0.171
1559544357,1559544377,20,4.717894736842105,1.586
1559590554,1559592246,1692,3.104,27.608
1559631798,1559632611,813,2.556774193548387,8.997
1559637113,1559637185,72,1.2785714285714285,1.176
1559647120,1559647133,13,5.710909090909091,1.116
1559651307,1559654095,2788,3.0469035532994924,22.441
1559670610,1559670660,50,0.6719999999999999,0.761
1559686910,1559687173,263,2.493103448275862,6.259
1559715211,1559715441,230,1.7854945054945055,4.23
1559720852,1559722462,1610,2.136875,4.493
1559728360,1559728925,565,1.9514999999999998,9.914
1559731824,1559731836,12,0.6,0.066
1559799792,1559799800,8,2.5124999999999997,0.386
1559803785,1559804138,353,1.5857142857142856,3.159
1559842366,1559842395,29,3.155,1.339
1559863143,1559864307,1164,1.3628571428571428,0.537
1559890751,1559892153,1402,1.7447244094488188,15.318
1559898062,1559898831,769,3.3009677419354837,8.901
1559907747,1559908947,1200,2.0725,1.203
1559911631,1559912233,602,2.571578947368421,12.926
1559916324,1559916983,659,3.098,21.946
1559921161,1559922187,1026,2.731764705882353,0.828
1559976883,1559977059,176,1.7109677419354838,3.066
1559980698,1559980706,8,2.7525,0.414
1559987556,1559987564,8,0.57,0.063
1559989906,1559989908,2,0.56,0.028
1560007684,1560008870,1186,2.2512765957446805,6.4
1560013321,1560013418,97,2.3804347826086953,3.858
1560017594,1560018095,501,2.682857142857143,1.45
1560022108,1560022124,16,0.576,0.081
1560059863,1560059906,43,3.88578947368421,2.641
1560062571,1560062735,164,2.576697247706422,5.853
1560068857,1560069616,759,2.5662745098039212,7.206
1560077300,1560077887,587,2.2411764705882353,1.434
1560117987,1560118052,65,0.9709090909090909,0.308
1560146309,1560147923,1614,2.7352941176470584,29.083
1560164659,1560166121,1462,2.0244943820224717,13.349
1560169270,1560169733,463,0.6599999999999999,0.022
1560181868,1560182947,1079,1.0439999999999998,0.744
1560187911,1560187931,20,1.08375,0.333
1560192333,1560197757,5424,2.1747169811320752,54.359
1560200082,1560204576,4494,2.6842105263157894,61.36
1560230249,1560232236,1987,2.4817699115044247,34.549
1560241633,1560241643,10,0.15999999999999998,0.024
1560288039,1560288048,9,1.98,0.237
1560289985,1560291126,1141,2.72625,3.093
1560317723,1560318835,1112,2.4871875,9.325
1560322042,1560322692,650,3.021818181818182,24.176
1560338029,1560338047,18,2.7333333333333334,0.824
1560351165,1560351169,4,0.816,0.068
1560372222,1560372224,2,1.26,0.06
1560404832,1560405147,315,1.44,5.576
1560447926,1560447930,4,1.46,0.077
1560451649,1560453113,1464,3.2610810810810813,5.711
1560462240,1560463486,1246,1.9524999999999997,16.967
1560467032,1560469770,2738,2.6593478260869565,26.402
1560491027,1560491825,798,1.2813084112149533,4.054
1560516291,1560516304,13,4.03,0.839
1560582543,1560583179,636,1.98,2.55
1560590537,1560590543,6,0.72,0.064
1560595717,1560595918,201,0.8266666666666667,0.983
1560614284,1560614291,7,1.425,0.103
1560616117,1560616165,48,2.8223076923076924,1.942
1560670158,1560670164,6,2.4099999999999997,0.295
1560674587,1560674901,314,2.393059701492537,12.62
1560684411,1560685634,1223,2.797659574468085,4.64
1560694118,1560695531,1413,1.2807692307692307,2.558
1560697392,1560697417,25,4.0008,1.736
1560750505,1560751132,627,2.2161290322580647,26.409
1560802692,1560806140,3448,2.201941747572816,32.672
1560836203,1560836217,14,1.7228571428571429,0.225
1560839538,1560839662,124,1.14,2.59
1560847779,1560847804,25,4.52,1.962
1560888538,1560888623,85,1.7989655172413792,2.089
1560920957,1560921703,746,1.9965217391304346,15.854
1560925349,1560925407,58,3.451111111111111,3.394
1560929932,1560929939,7,0.39,0.034
1560939209,1560939836,627,2.228823529411765,18.664
1560943962,1560945687,1725,2.5397999999999996,25.266
1560979709,1560979717,8,1.14,0.134
1561006823,1561006981,158,1.4336842105263157,1.883
1561097685,1561100191,2506,2.8404545454545453,4.78
1561102564,1561102624,60,2.281052631578947,2.319
1561106974,1561107359,385,2.0835,3.495
1561117284,1561117309,25,3.1157142857142857,0.753
1561119360,1561120356,996,1.7680575539568346,11.842
1561128931,1561130037,1106,1.22,0.937
1561133589,1561133599,10,0.615,0.055
1561139062,1561139072,10,4.309090909090909,0.79
1561145322,1561145376,54,3.353076923076923,3.08
1561185016,1561185025,9,1.1925,0.163
1561205330,1561205334,4,2.235,0.151
1561207578,1561208259,681,2.972054794520548,3.851
1561218745,1561220551,1806,1.9766666666666666,6.951
1561266035,1561266386,351,2.99625,6.799
1561356255,1561356859,604,1.461176470588235,7.665
1561359369,1561359431,62,0.45749999999999996,0.171
1561400295,1561400346,51,0.6950000000000001,0.593
1561421478,1561421490,12,0.845,0.184
1561440052,1561440352,300,1.9418181818181819,2.53
1561479375,1561479969,594,1.6254545454545453,0.324
1561482491,1561482522,31,1.77375,0.561
1561501218,1561501373,155,1.6126315789473684,3.111
1561530193,1561531001,808,2.022413793103448,2.376
1561535984,1561536015,31,1.14,0.537
1561537940,1561539153,1213,0.6066666666666666,0.103
1561545413,1561545950,537,3.3341176470588234,30.321
1561547929,1561550545,2616,2.345,44.982
1561552819,1561552827,8,0.645,0.062
1561614121,1561614130,9,2.36,0.356
1561617817,1561617836,19,4.611999999999999,1.246
1561794371,1561794395,24,2.5513043478260866,1.027
1561797110,1561798301,1191,1.776867469879518,28.205
1561804773,1561804774,1,1.5899999999999999,0.053
1561808958,1561809644,686,0.9913043478260869,6.47
1561826486,1561826536,50,1.36,0.666
1561880233,1561881103,870,3.2270526315789474,11.784
1561883408,1561883544,136,2.526,2.515
1561890433,1561890487,54,1.0363636363636364,0.746
1561904886,1561904890,4,2.928,0.244
1562092140,1562093389,1249,2.795106382978723,5.522
1562095744,1562095757,13,1.3854545454545453,0.26
1562098802,1562098805,3,0.75,0.05
1562132999,1562133002,3,2.31,0.154
1562135360,1562137275,1915,1.7482191780821916,2.561
1562150765,1562152267,1502,1.8198648648648648,14.606
1562160667,1562160680,13,1.1099999999999999,0.16
1562162888,1562162894,6,3.28,0.393
1562165882,1562165891,9,0.8999999999999999,0.085
1562169516,1562170427,911,2.803076923076923,17.324
1562183271,1562183284,13,2.8449999999999998,0.629
1562217802,1562217811,9,0.9299999999999999,0.074
1562219615,1562221355,1740,1.5085714285714285,0.401
1562261231,1562262541,1310,2.2577142857142856,2.542
1562268534,1562268580,46,3.259285714285714,1.941
1562306655,1562306867,212,1.58625,8.908
1562396447,1562396609,162,1.51,2.928
1562400319,1562400321,2,1.2799999999999998,0.064
1562406871,1562407033,162,1.5174193548387096,2.243
1562424975,1562424977,2,0.84,0.042
1562427844,1562427892,48,1.9107692307692308,1.694
1562433296,1562434318,1022,2.0,0.54
1562436554,1562436571,17,1.6411764705882352,0.471
1562439419,1562443026,3607,2.280621761658031,14.0
1562486301,1562487673,1372,1.835,0.375
1562496202,1562499035,2833,1.7331818181818182,7.397
1562501342,1562504164,2822,2.515384615384615,8.408
1562516799,1562518315,1516,2.0438095238095237,19.354
1562520146,1562522478,2332,1.6032558139534883,24.962
1562565679,1562566775,1096,2.6114285714285717,15.016
1562603598,1562603688,90,2.7675,6.255
1562654072,1562654085,13,1.656,0.156
1562661906,1562661918,12,1.825,0.407
1562673353,1562673371,18,2.09,0.432
1562735270,1562735441,171,1.46,4.743
1562762932,1562766661,3729,3.675145631067961,8.984
1562769233,1562772101,2868,2.190828729281768,55.485
1562773975,1562775157,1182,2.387837837837838,6.622
1562783369,1562784289,920,1.6075862068965516,3.242
1562786370,1562792365,5995,3.2148051948051948,26.641
1562795454,1562795776,322,1.8059016393442622,7.063
1562801170,1562805303,4133,3.1278916827853,62.831
1562828157,1562828303,146,1.1212499999999999,2.207
1562874523,1562874940,417,1.3282758620689654,7.569
1562914785,1562914797,12,1.6849999999999998,0.339
1562927756,1562927758,2,0.78,0.039
1562950013,1562950020,7,5.43,0.724
1562953978,1562955134,1156,2.6557894736842105,21.895
1563004640,1563004663,23,2.28,0.3
1563014758,1563014934,176,1.223076923076923,1.237
1563099060,1563099236,176,1.4466666666666665,0.85
1563102206,1563104068,1862,1.827391304347826,5.391
1563109582,1563115455,5873,2.311319648093842,60.237
1563133010,1563134121,1111,2.3194082840236687,9.8
1563146673,1563147764,1091,3.8105454545454545,40.125
1563175373,1563175403,30,1.3679999999999999,0.272
1563269993,1563269999,6,0.84,0.054
1563275498,1563277045,1547,1.872923076923077,7.459
1563281078,1563281798,720,1.6427027027027026,1.29
1563300249,1563300255,6,2.2199999999999998,0.259
1563343415,1563344071,656,1.9166666666666665,0.869
1563347305,1563347310,5,0.12,0.012
1563428830,1563429838,1008,1.8793548387096775,2.861
1563433987,1563434852,865,1.182,5.736
1563439371,1563441988,2617,1.237741935483871,3.922
1563443907,1563444707,800,2.05,6.953
1563448190,1563448201,11,2.4709090909090907,0.504
1563474613,1563474623,10,1.0574999999999999,0.147
1563564475,1563569826,5351,1.7831178707224333,30.959
1563603211,1563603239,28,1.6694117647058824,0.661
1563621336,1563621404,68,1.2742857142857142,2.332
1563639111,1563639576,465,1.806315789473684,3.873
1563722452,1563722455,3,0.72,0.028
1563728798,1563728888,90,0.9141176470588235,1.304
1563779010,1563779026,16,1.6849999999999998,0.387
1563783116,1563784481,1365,1.8074999999999999,0.921
1563820663,1563820689,26,1.3019999999999998,0.251
1563828222,1563828399,177,1.53,2.143
1563832977,1563833622,645,2.1999999999999997,0.466
1563862232,1563862257,25,2.1085714285714285,0.284
1563870511,1563872342,1831,2.2079999999999997,9.419
1563976743,1563976749,6,2.974285714285714,0.347
1563982787,1563984067,1280,2.6106249999999998,14.673
1563994957,1563995026,69,1.54125,0.981
1564034518,1564034526,8,0.18,0.026
1564123033,1564123039,6,0.27599999999999997,0.027
1564142160,1564142165,5,1.3319999999999999,0.113
1564170017,1564170036,19,1.9275,0.406
1564209616,1564210858,1242,2.2379999999999995,10.561
1564229989,1564229992,3,0.975,0.065
1564294969,1564294976,7,2.777142857142857,0.326
1564303664,1564304277,613,2.2032,1.033
1564309701,1564310177,476,1.8738461538461537,7.906
1564315155,1564315159,4,1.845,0.17
1564328901,1564328906,5,1.88,0.188
1564392716,1564393277,561,4.244761904761905,4.764
1564428913,1564428921,8,4.42,0.663
1564468021,1564468300,279,1.6263157894736842,5.417
1564474935,1564475104,169,3.7446511627906975,8.579
1564489597,1564490365,768,4.513846153846154,0.988
1564492761,1564494161,1400,2.2915,36.451
1564515255,1564517779,2524,2.0394893617021275,47.224
1564523781,1564523791,10,3.9240000000000004,0.656
1564555046,1564557371,2325,1.88,1.309
1564933194,1564933318,124,1.0913793103448275,2.277
1564938574,1564938588,14,3.5639999999999996,0.689
1564957265,1564957356,91,1.2584415584415585,1.796
1564988926,1564989135,209,1.4904545454545453,4.019
1565015775,1565023046,7271,2.358136882129277,109.133
1565024849,1565025114,265,4.705,9.844
1565028138,1565028796,658,1.8239999999999998,21.179
1565032583,1565034080,1497,2.3049999999999997,0.471
1565037133,1565037250,117,5.16,5.26
1565039162,1565040759,1597,2.772972972972973,22.213
1565045703,1565047697,1994,1.508344370860927,19.592
1565049605,1565050089,484,2.9039296187683283,17.93
1565076519,1565076528,9,2.76,0.328
1565079783,1565081948,2165,2.138680203045685,12.773
1565086400,1565086449,49,0.8485714285714285,0.418
1565091684,1565091705,21,1.92,0.678
1565099346,1565100384,1038,3.10953488372093,22.493
1565104086,1565104093,7,0.855,0.096
1565201924,1565201927,3,0.96,0.064
1565286355,1565286923,568,2.3921739130434783,3.372
1565338448,1565338475,27,1.5557142857142856,0.422
1565342230,1565342242,12,0.49199999999999994,0.075
1565352183,1565352196,13,2.82,0.671
1565373564,1565375114,1550,2.52,0.862
1565714978,1565715022,44,3.0388235294117645,1.353
1565764311,1565764320,9,2.4179999999999997,0.403
1565770733,1565772175,1442,1.351578947368421,6.52
1565873958,1565874181,223,2.3434285714285714,3.478
1565891181,1565891194,13,2.346,0.451
1565895695,1565895703,8,1.5074999999999998,0.203
1565898633,1565898663,30,1.6392,0.744
1565940480,1565942023,1543,2.55875,4.181
1565956045,1565957903,1858,1.697142857142857,31.28
1565960789,1565962400,1611,1.7147368421052631,6.619
1565974293,1565976246,1953,0.5563636363636364,0.972
1565978993,1565979600,607,1.1775,11.283
1565987033,1565987043,10,4.325454545454545,0.793
1565995124,1565995137,13,2.778461538461538,0.656
1566022060,1566024532,2472,2.982676056338028,10.432
1566027606,1566031739,4133,2.428387096774194,9.207
1566153965,1566154540,575,1.1466666666666665,0.182
1566158819,1566158825,6,1.38,0.128
1566195278,1566195686,408,2.723076923076923,15.197
1566198424,1566198876,452,1.9157142857142855,6.044
1566492043,1566492102,59,1.5635294117647058,1.324
1566742907,1566743707,800,0.6927272727272726,0.171
1566747408,1566747426,18,1.9166666666666665,0.613
1566755051,1566755053,2,0.6599999999999999,0.024
1567102739,1567103229,490,3.5047058823529413,20.741
1567106229,1567106241,12,0.744,0.078
1567148947,1567149089,142,2.556,4.491
1567155976,1567155979,3,2.265,0.151
1567163884,1567168943,5059,2.3110243902439023,43.773
1567179525,1567181191,1666,2.084262295081967,13.52
1567185728,1567185734,6,1.66,0.197
1567189541,1567189547,6,1.512,0.13
1567192109,1567192310,201,1.329,5.387
1567232690,1567232695,5,3.132,0.328
1567241242,1567241352,110,1.9137142857142857,3.545
1567247130,1567252302,5172,2.491746031746032,20.332
1567279246,1567279255,9,2.96,0.5
1567321985,1567321990,5,1.5899999999999999,0.159
1567328321,1567329961,1640,2.2570212765957445,8.793
1567349232,1567349569,337,2.1907317073170733,6.247
1567359267,1567360987,1720,1.7110344827586206,2.255
1567404169,1567404476,307,1.448,2.236
1567448931,1567449841,910,2.330909090909091,5.858
1567451700,1567451727,27,3.2347826086956517,1.306
1567457179,1567457261,82,2.5349999999999997,2.631
1567492539,1567493141,602,1.2085714285714284,0.165
1567526321,1567528157,1836,1.7264516129032257,6.774
1567532456,1567533183,727,3.0997183098591545,5.03
1567582378,1567582399,21,3.55875,1.033
1567599553,1567600770,1217,3.256595744680851,8.293
1567628711,1567629186,475,2.668905109489051,13.629
1567631690,1567631719,29,3.2815384615384615,1.492
1567633908,1567633916,8,2.6,0.39
1567663161,1567663325,164,1.3242857142857143,2.153
1567666141,1567666154,13,0.9359999999999999,0.164
1567699686,1567700200,514,1.0292307692307692,0.233
1567749448,1567749461,13,1.9679999999999997,0.396
1567826167,1567826176,9,0.72,0.06
1567845614,1567845839,225,1.9937704918032786,4.513
1567852399,1567852583,184,3.237,9.179
1567860179,1567860537,358,2.37,11.309
1567867439,1567867472,33,1.7825,0.771
1567874513,1567874532,19,3.101052631578947,1.038
1567960593,1567960625,32,3.0923076923076924,0.712
1567963864,1567965006,1142,2.262857142857143,15.233
1567967143,1567967148,5,2.4,0.164
1568006526,1568006537,11,1.98,0.263
1568058564,1568059281,717,2.47875,13.77
1568092848,1568092853,5,1.45,0.145
1568114171,1568114183,12,0.46,0.06
1568183938,1568184684,746,1.1325,0.398
1568377481,1568377488,7,3.9857142857142858,0.543
1568397957,1568398874,917,1.8599999999999999,4.98
1568402219,1568402672,453,2.0841176470588234,9.394
1568442733,1568442743,10,0.5519999999999999,0.094
1568446937,1568446960,23,2.141052631578947,0.805
1568463455,1568466116,2661,3.217894736842105,26.742
1568470105,1568470123,18,3.15,0.702
1568482406,1568483289,883,2.657142857142857,0.62
1568569449,1568569462,13,2.934545454545454,0.544
1568573121,1568574968,1847,2.843333333333333,12.273
1568582823,1568582840,17,3.2215384615384615,0.766
1568611279,1568611639,360,3.27,12.97
1568673410,1568674139,729,1.6347169811320754,3.169
1568701665,1568701718,53,3.663157894736842,2.348
1568705381,1568707092,1711,2.4385714285714286,0.661
1568716765,1568716773,8,4.095,0.566
1568722535,1568722552,17,0.48,0.078
1568748742,1568751414,2672,2.5509278350515463,28.687
1568789045,1568789067,22,3.0409090909090906,1.171
1568794124,1568794130,6,2.5542857142857143,0.298
1568807151,1568814334,7183,3.013559322033898,120.448
1568816639,1568816657,18,1.5074999999999998,0.408
1568873603,1568873615,12,3.03,0.569
1568878413,1568879576,1163,2.4299999999999997,3.669
1568884773,1568884789,16,1.698,0.357
1568958342,1568958347,5,3.05,0.305
1569020052,1569020053,1,0.44999999999999996,0.015
1569042666,1569042671,5,0.12,0.012
1569046790,1569047531,741,2.908888888888889,7.929
1569049854,1569050754,900,1.6312499999999999,3.879
1569062974,1569062986,12,0.12,0.026
1569069960,1569071439,1479,2.7625210084033616,7.222
1569088377,1569090968,2591,3.664477611940298,8.155
1569134457,1569134463,6,2.6999999999999997,0.315
1569137713,1569138204,491,2.792307692307692,8.167
1569142834,1569142837,3,1.425,0.095
1569217300,1569218207,907,2.4657142857142857,0.905
1569241267,1569245772,4505,3.575016393442623,31.644
1569248513,1569248516,3,3.6599999999999997,0.244
1569276724,1569278943,2219,1.562142857142857,3.06
1569304922,1569304926,4,3.4679999999999995,0.289
1569338730,1569338744,14,2.9353846153846153,0.694
1569385833,1569385837,4,2.6399999999999997,0.22
1569429603,1569429607,4,3.1079999999999997,0.259
1569480663,1569482333,1670,2.878292682926829,50.614
1569487323,1569487368,45,2.4646153846153847,0.656
1569493181,1569496179,2998,2.4265822784810123,62.642
1569499739,1569499798,59,2.608695652173913,1.846
1569506294,1569506483,189,2.676521739130435,4.543
1569512268,1569512290,22,3.5863636363636364,1.382
1569523846,1569525965,2119,2.7129310344827586,5.568
1569534556,1569534566,10,1.92,0.263
1569574618,1569574623,5,0.25999999999999995,0.019
1569606912,1569613158,6246,2.4994029850746267,62.035
1569616192,1569616252,60,0.7733333333333333,0.22
1569655153,1569656362,1209,2.8965625,11.636
1569659693,1569659705,12,7.195,1.583
1569668068,1569668073,5,1.656,0.158
1569669928,1569669986,58,1.9,1.813
1569695977,1569698813,2836,2.8017218543046356,14.92
1569743391,1569743397,6,2.2885714285714287,0.267
1569748141,1569748191,50,2.361,0.961
1569752922,1569752928,6,1.3319999999999999,0.158
1569777112,1569777119,7,1.38,0.185
1569789845,1569789884,39,1.548,0.991
1569793865,1569795328,1463,1.487142857142857,0.347
1569821071,1569821157,86,1.7733333333333334,1.158
1569867573,1569867579,6,0.42,0.029
1569872429,1569873524,1095,3.073846153846154,14.068
1569911774,1569912634,860,2.2766666666666664,1.88
1569915955,1569916108,153,4.838823529411764,8.589
1569918064,1569918403,339,2.582222222222222,8.492
1569920288,1569921145,857,1.38,0.342
1569929850,1569930235,385,2.01,1.631
1569934474,1569934481,7,0.9839999999999999,0.122
1569947363,1569947397,34,2.4496551724137934,1.245
1570031731,1570032686,955,0.4,0.02
1570111445,1570112443,998,2.847272727272727,0.618
1570135273,1570136763,1490,1.64625,0.509
1570168799,1570168869,70,1.3199999999999998,0.554
1570194783,1570194792,9,0.29142857142857137,0.06
1570223391,1570223410,19,2.3833333333333333,0.719
1570256511,1570257195,684,3.6888888888888887,3.072
1570265102,1570265122,20,2.488421052631579,0.837
1570273450,1570275015,1565,3.0394936708860762,6.45
1570280370,1570280375,5,2.46,0.207
1570282558,1570282564,6,2.34,0.273
1570344377,1570344990,613,2.4727272727272727,19.357
1570348543,1570348948,405,4.252,19.385
1570354267,1570361051,6784,2.5943697478991594,20.835
1570363557,1570367256,3699,3.4390443686006824,47.089
1570394186,1570394783,597,1.604,0.411
1570429666,1570429846,180,1.7957142857142856,3.435
1570511957,1570511966,9,2.06,0.347
1570551862,1570553096,1234,1.11375,5.447
1570557989,1570560563,2574,3.5029999999999997,4.042
1570600900,1570600941,41,1.2814285714285714,0.674
1570687481,1570688368,887,2.4,0.582
1570712636,1570712834,198,1.4914285714285713,0.558
1570715372,1570715410,38,3.21,0.387
1570720363,1570720805,442,3.320869565217391,11.028
1570723841,1570724321,480,4.9799999999999995,0.166
1570742479,1570742485,6,2.58,0.301
1570772932,1570772937,5,2.25,0.225
1570775181,1570775186,5,0.69,0.05
1570820263,1570820305,42,1.1228571428571428,1.427
1570839813,1570839818,5,0.12,0.012
1570859881,1570860755,874,2.3188235294117647,22.223
1570869447,1570869547,100,2.7184615384615385,2.681
1570894688,1570894827,139,3.30734693877551,3.296
1570896697,1570914779,18082,2.8865671641791044,274.711
1570916977,1570917023,46,2.773333333333333,0.492
1570919015,1570923176,4161,2.9370762711864407,44.646
1570947004,1570947009,5,0.12,0.012
1570950291,1570950631,340,1.9745454545454544,8.869
1570953256,1570953673,417,2.6675,14.063
1570956009,1570956024,15,0.9514285714285714,0.181
1570964055,1570964063,8,2.3499999999999996,0.241
1570971116,1570971125,9,2.5885714285714285,0.308
1570980814,1570981141,327,2.6729032258064516,11.611
1571001301,1571001717,416,1.14,11.179
1571031793,1571031802,9,1.7249999999999999,0.234
1571073226,1571073230,4,0.56,0.058
1571080964,1571081100,136,0.8781818181818182,0.905
1571094198,1571094203,5,0.312,0.028
1571119250,1571120750,1500,1.8096774193548386,1.471
1571137511,1571140221,2710,2.9555844155844158,9.974
1571146288,1571146712,424,3.44855421686747,13.793
1571203710,1571203716,6,0.8799999999999999,0.106
1571206040,1571206060,20,1.4584615384615383,0.332
1571293056,1571293063,7,3.4679999999999995,0.295
1571331157,1571332131,974,2.822857142857143,13.054
1571355709,1571355714,5,0.12,0.012
1571380005,1571380271,266,1.9829999999999997,8.564
1571471356,1571474271,2915,2.570027247956403,37.321
1571483480,1571483516,36,0.44666666666666666,0.428
1571488431,1571492041,3610,3.614413407821229,100.69
1571495224,1571495231,7,1.38,0.121
1571497294,1571497380,86,4.6777500000000005,6.575
1571505452,1571506190,738,2.9966666666666666,15.878
1571554280,1571556691,2411,1.8272727272727272,0.343
1571559378,1571560423,1045,2.0142857142857142,0.239
1571563177,1571563271,94,1.4475,3.647
1571685580,1571688700,3120,3.0333644859813083,38.497
1571726241,1571726973,732,0.885,0.426
1571744967,1571746302,1335,2.599811320754717,40.76
1571759300,1571759572,272,3.213157894736842,6.675
1571764495,1571764525,30,1.9933333333333332,0.983
1571771470,1571773916,2446,2.973939393939394,22.463
1571809840,1571810352,512,3.954315789473684,22.63
1571897092,1571897138,46,2.3066666666666666,0.422
1571982360,1571982408,48,2.6914285714285713,0.482
1572036231,1572036251,20,2.0752941176470587,0.645
1572070655,1572070663,8,2.025,0.272
1572097289,1572097293,4,2.136,0.178
1572216508,1572216526,18,2.36,0.753
1572248577,1572249924,1347,2.031063829787234,6.778
1572252584,1572253864,1280,4.256793893129771,29.678
1572259805,1572259807,2,0.8799999999999999,0.044
1572284113,1572284126,13,1.8949999999999998,0.408
1572291381,1572292469,1088,3.0315,22.55
1572294977,1572295078,101,2.6114285714285717,3.097
1593677480,1593677914,434,1.701176470588235,2.189
1593691394,1593692562,1168,1.790204081632653,5.27
1593695998,1593696070,72,2.3485714285714288,0.406
1593703872,1593705210,1338,1.4334146341463414,16.896
1593722551,1593724383,1832,2.3579310344827586,11.759
1593734705,1593735662,957,2.9027848101265823,19.286
1593741006,1593741204,198,0.14,0.404
1593755930,1593756539,609,1.74,4.763
1593768170,1593769965,1795,4.907368421052631,11.596
1593858151,1593860390,2239,2.5204545454545455,13.994
1593870830,1593870850,20,3.582,1.259
1593873136,1593873399,263,2.657142857142857,9.724
1593876269,1593876392,123,1.2257142857142855,0.576
1593888984,1593890750,1766,1.4458064516129032,19.338
1593893710,1593895714,2004,2.7413592233009707,7.745
1593937773,1593938992,1219,2.1337864077669906,10.585
1593942258,1593942518,260,1.4894117647058824,4.829
1593952988,1593954721,1733,2.474666666666667,5.565
1593962457,1593965530,3073,2.698686131386861,21.02
1593969784,1593972478,2694,2.368095238095238,19.977
1593974320,1593974416,96,1.1236363636363635,0.378
1593979158,1593981222,2064,2.0359999999999996,1.227
1593985109,1593985540,431,1.382608695652174,3.033
1593988012,1593988518,506,3.3114285714285714,4.57
1594015221,1594015225,4,5.364,0.447
1594035103,1594036256,1153,2.7023076923076923,1.698
1594039369,1594041819,2450,2.9132432432432434,40.025
1594047395,1594047438,43,2.6815384615384614,1.839
1594055373,1594057315,1942,1.5899999999999999,2.654
1594060522,1594060787,265,7.9312499999999995,3.695
1594066490,1594067817,1327,2.9961467889908255,8.893
1594070093,1594073814,3721,2.346451612903226,46.677
1594083322,1594083338,16,0.12,0.034
1594102819,1594102990,171,1.6520000000000001,0.727
1594108535,1594109513,978,1.785,15.669
1594118696,1594118942,246,1.98,0.998
1594121774,1594123934,2160,1.5190243902439025,1.75
1594131151,1594131164,13,1.002857142857143,0.153
1594142453,1594142710,257,0.9771428571428571,0.663
1594192833,1594194298,1465,2.7125,23.541
1594200440,1594201591,1151,1.4894117647058824,1.249
1594207209,1594208601,1392,2.88,17.678
1594213558,1594213841,283,2.195121951219512,2.753
1594218092,1594218943,851,1.5133333333333332,7.668
1594275719,1594278673,2954,1.3499999999999999,1.163
1594287657,1594287660,3,1.74,0.116
1594325270,1594325316,46,0.15999999999999998,0.096
1594338314,1594338334,20,1.2075,0.187
1594363890,1594365574,1684,1.6301694915254237,11.086
1594371273,1594371404,131,0.5519999999999999,0.3
1594380208,1594383200,2992,2.759372822299652,48.136
1594411990,1594413378,1388,0.12,0.01
1594452307,1594452322,15,1.6079999999999999,0.433
1594461035,1594461050,15,0.8099999999999999,0.107
1594467915,1594467981,66,1.1323809523809523,1.246
1594472218,1594473742,1524,2.2432,4.773
1594476245,1594476263,18,2.1557142857142857,0.515
1594480508,1594480517,9,1.2514285714285713,0.152
1594482381,1594482392,11,1.8599999999999999,0.377
1594486131,1594487012,881,1.8473684210526315,3.336
1594493607,1594494605,998,1.668,0.282
1594497721,1594500160,2439,1.6178571428571429,6.918
1594540671,1594540687,16,1.48,0.245
1594545395,1594545440,45,2.106666666666667,0.788
1594591143,1594591143,1,0.78,0.013
1594623542,1594624333,791,1.4433333333333334,0.995
1594627094,1594627287,193,2.0817391304347828,1.5
1594633198,1594633200,2,2.4,0.12
1594638208,1594642328,4120,3.2180224719101123,76.563
1594646299,1594647339,1040,4.1890909090909085,1.639
1594653211,1594653473,262,1.8866666666666665,1.566
1594667183,1594671918,4735,2.6685,34.5
1594708325,1594708344,19,1.9240000000000002,0.538
1594715741,1594716119,378,2.952142857142857,11.67
1594720287,1594722536,2249,2.4390697674418607,2.034
1594724919,1594726693,1774,3.9347619047619045,25.185
1594731916,1594732064,148,0.7875,0.387
1594738181,1594738256,75,1.8663157894736842,1.724
1594755655,1594755721,66,0.12,0.134
1594833229,1594839805,6576,2.184590163934426,71.554
1594843072,1594845644,2572,2.4008695652173913,13.31
1594849525,1594851818,2293,2.359032258064516,12.682
1594868986,1594869054,68,0.15,0.192
1594880503,1594881243,740,1.9461290322580647,3.254
1594887222,1594887236,14,0.41,0.059
1594896713,1594896915,202,0.9729411764705882,2.461
1594907694,1594907779,85,2.948181818181818,3.013
1594947780,1594947782,2,0.84,0.042
1594968152,1594968857,705,1.6414285714285715,0.387
1594971862,1594971926,64,2.243076923076923,1.056
1594977479,1594978799,1320,2.1243037974683543,20.486
1594989572,1594989884,312,0.495,1.263
1594993678,1594996229,2551,1.8276923076923075,18.042
1595001449,1595001669,220,2.7720000000000002,1.387
1595006620,1595006812,192,2.4299999999999997,1.001
1595038717,1595038729,12,0.6,0.084
1595063700,1595066835,3135,2.272682926829268,42.797
1595069324,1595070339,1015,3.7529203539823004,19.381
1595072359,1595080972,8613,2.6749090909090905,89.296
1595085455,1595085607,152,0.9923076923076923,0.709
1595092801,1595092839,38,0.12,0.078
1595098625,1595098965,340,1.377,1.533
1595105766,1595106044,278,1.6199999999999999,2.144
1595126772,1595126774,2,0.8999999999999999,0.036
1595145320,1595145338,18,2.175,0.626
1595147762,1595147783,21,2.85,1.008
1595150983,1595151126,143,2.74359375,6.218
1595154471,1595154484,13,3.3099999999999996,0.731
1595157191,1595160395,3204,2.6212244897959183,39.697
1595162997,1595163206,209,3.5246153846153847,5.761
1595169208,1595169218,10,4.398,0.883
1595171812,1595171919,107,2.4892682926829264,3.571
1595196966,1595196978,12,1.157142857142857,0.151
1595227846,1595229328,1482,2.04,0.537
1595241245,1595241250,5,0.12,0.012
1595252786,1595252788,2,1.88,0.094
1595262549,1595263187,638,0.8999999999999999,0.236
1595287085,1595288402,1317,3.218,1.948
1595296964,1595296975,11,0.15,0.026
1595316391,1595318273,1882,2.3907692307692305,1.728
1595320239,1595320486,247,2.46,6.295
1595323362,1595323638,276,2.9841176470588233,4.431
1595326084,1595326757,673,2.5625,1.088
1595330895,1595335405,4510,2.7909574468085108,78.055
1595337749,1595338159,410,2.4246153846153846,7.011
1595349575,1595349601,26,0.15999999999999998,0.056
1595403773,1595407528,3755,2.8028795811518323,39.052
1595412953,1595413159,206,2.145,0.819
1595415170,1595415329,159,1.8857142857142855,0.738
1595420371,1595422142,1771,1.791864406779661,6.083
1595430357,1595430561,204,1.632,0.788
1595434999,1595435797,798,1.5018749999999998,1.227
1595462041,1595462044,3,0.44999999999999996,0.023
1595487496,1595489988,2492,2.119148936170213,5.188
1595492812,1595492968,156,0.99,0.459
1595502884,1595504970,2086,2.532162162162162,9.679
1595514589,1595515826,1237,2.3936842105263154,0.874
1595519223,1595519238,15,0.12,0.032
1595528776,1595528940,164,3.2692499999999995,8.287
1595571340,1595571365,25,0.12,0.052
1595575329,1595575445,116,2.247,2.948
1595599461,1595599464,3,0.42,0.023
1595603938,1595605378,1440,3.327142857142857,45.247
1595608178,1595608178,1,7.14,0.119
1595641745,1595641755,10,0.12,0.022
1595661875,1595663205,1330,3.456774193548387,6.369
1595666104,1595666130,26,1.434,0.68
1595672477,1595672483,6,1.4,0.142
1595678150,1595681238,3088,2.0606999999999998,53.992
1595707429,1595707434,5,4.656,0.39
1595745457,1595745560,103,0.12,0.208
1595748058,1595749442,1384,2.379230769230769,1.961
1595767936,1595770566,2630,3.096774193548387,24.912
1595784479,1595784486,7,0.38571428571428573,0.047
1595834738,1595836471,1733,2.808,1.725
1595841651,1595844285,2634,2.601081081081081,16.211
1595849447,1595850907,1460,2.047407407407407,18.421
1595853339,1595853521,182,0.83,0.437
1595869483,1595870733,1250,3.9461538461538463,1.784
1595873959,1595878447,4488,2.5099115044247786,31.524
1595881727,1595883447,1720,2.2842857142857143,3.01
1595892384,1595893035,651,2.496880733944954,11.86
1595895448,1595895927,479,3.28,31.633
1595921797,1595922056,259,2.7116129032258063,11.221
1595924345,1595924407,62,2.7779999999999996,2.038
1595930725,1595931380,655,3.316981132075471,11.544
1595936168,1595939249,3081,3.128333333333333,56.444
1595945224,1595946972,1748,2.648181818181818,1.022
1595963271,1595963274,3,0.18,0.01
1595976304,1595977927,1623,0.15999999999999998,0.014
1596024120,1596024996,876,3.2237837837837833,35.775
1596032633,1596032638,5,5.91,0.712
1596036210,1596036444,234,3.06,3.747
1596040709,1596043404,2695,1.907142857142857,0.99
1596054229,1596055650,1421,1.22,0.158
1596062261,1596062267,6,0.12,0.014
1596092187,1596094439,2252,1.5923076923076924,10.316
1596096596,1596096616,20,2.4257142857142857,0.311
1596104563,1596110270,5707,2.5841860465116278,27.476
1596152041,1596152141,100,2.7329999999999997,4.545
1596176036,1596176398,362,2.567142857142857,17.411
1596185172,1596187485,2313,2.133529411764706,10.319
1596196573,1596198029,1456,2.825,1.279
1596202612,1596202781,169,2.4375999999999998,6.805
1596210643,1596210765,122,3.4305882352941177,3.359
1596212708,1596212978,270,0.12,0.542
1596227601,1596227618,17,1.056,0.114
1596231123,1596231230,107,3.7241999999999997,6.673
1596266724,1596269399,2675,2.178260869565217,37.273
1596282403,1596284045,1642,3.2137499999999997,5.496
1596295665,1596296755,1090,0.7919999999999999,1.372
1596307083,1596307397,314,1.8933333333333333,4.276
1596321476,1596321531,55,0.12,0.112
1596351917,1596355881,3964,3.2581967213114753,25.155
1596358142,1596359628,1486,2.202739726027397,6.23
1596362019,1596362031,12,0.7854545454545455,0.148
1596364923,1596371446,6523,2.4156774193548385,53.797
1596375688,1596375696,8,4.806666666666667,0.721
1596387541,1596387701,160,3.0442857142857145,8.114
1596390097,1596390107,10,2.268,0.241
1596394857,1596395107,250,1.9309090909090907,4.074
1596399912,1596401492,1580,1.983302752293578,3.875
1596417415,1596417420,5,4.25,0.425
1596438473,1596439578,1105,1.595,0.654
1596441805,1596441820,15,3.5879999999999996,0.966
1596481663,1596481667,4,0.12,0.01
1596494645,1596494843,198,2.6399999999999997,2.948
1596512088,1596512111,23,0.15999999999999998,0.05
1596519656,1596519696,40,0.12,0.082
1596533542,1596533598,56,2.997446808510638,2.649
1596536063,1596536162,99,2.346,2.985
1596539471,1596541564,2093,2.834845360824742,13.049
1596544993,1596547263,2270,3.4288235294117646,2.258
1596549319,1596551706,2387,2.136842105263158,5.521
1596554068,1596554089,21,3.10125,0.839
1596556980,1596560725,3745,2.716551724137931,35.863
1596612905,1596613503,598,1.905,0.759
1596618028,1596618270,242,3.262641509433962,5.41
1596622336,1596622947,611,2.178260869565217,0.981
1596630725,1596630904,179,2.648181818181818,13.76
1596633737,1596636729,2992,1.3233333333333335,22.238
1596645228,1596645232,4,1.788,0.149
1596652487,1596653617,1130,2.2271428571428573,4.943
1596697257,1596699030,1773,1.7916666666666665,4.038
1596705544,1596706022,478,0.6927272727272726,1.063
1596709020,1596709388,368,1.0875,0.996
1596713294,1596715541,2247,2.673898305084746,31.029
1596736846,1596737317,471,0.15,0.946
1596781871,1596783295,1424,2.8004999999999995,11.501
1596788464,1596793061,4597,2.660913705583756,38.636
1596797113,1596797259,146,1.416774193548387,1.56
1596829775,1596829875,100,4.981978021978022,8.091
1596859767,1596859846,79,0.12,0.16
1596870620,1596873549,2929,2.8083870967741933,8.787
1596893823,1596893826,3,0.18,0.01
1596904099,1596904106,7,0.525,0.043
1596912045,1596912547,502,1.05,4.236
1596919820,1596919826,6,2.1999999999999997,0.269
1596975188,1596975432,244,2.2745454545454544,2.06
1596979736,1596979788,52,2.6242105263157893,0.969
1596983917,1596983953,36,2.511428571428571,0.632
1596989867,1596989874,7,3.214285714285714,0.435
1596991745,1596994510,2765,4.113687707641196,30.267
1596996432,1596996578,146,1.478181818181818,1.195
1597026709,1597027637,928,0.15999999999999998,0.012
1597175108,1597175358,250,4.6657142857142855,18.611
1597178317,1597178322,5,3.6599999999999997,0.366
1597190180,1597192891,2711,7.561379310344827,16.357
1597262974,1597263138,164,0.13333333333333333,0.332
1597328452,1597328489,37,10.778709677419355,6.953
1597379680,1597380029,349,0.13714285714285712,0.702
1597584209,1597584240,31,2.6399999999999997,3.846
1597616359,1597616833,474,0.12,0.95
1597765955,1597765979,24,2.3939999999999997,0.929
1597774932,1597778882,3950,3.3590721649484534,28.438
1597782445,1597782451,6,1.44,0.146
1597797960,1597798101,141,0.144,0.286
1597801194,1597801194,1,0.6599999999999999,0.011
1597816555,1597822274,5719,4.210344827586207,9.611
1597867398,1597867721,323,0.14,0.65
1597879036,1597879051,15,6.4959999999999996,1.743
1597904687,1597904765,78,6.605999999999999,3.522
1597915756,1597915789,33,5.844374999999999,3.321
1597918597,1597918801,204,3.1706493506493505,8.789
1597942918,1597943144,226,6.579130434782609,19.48
1597947150,1597948817,1667,6.207272727272727,2.428
1597956816,1597960571,3755,5.562068965517241,9.064
1597985368,1597985485,117,0.12,0.236
1597993278,1597993826,548,4.782,4.263
1597997953,1597997996,43,5.0175,3.618
1598025693,1598025708,15,7.925000000000001,2.215
1598060826,1598061061,235,6.722950819672131,21.647
1598082286,1598082872,586,5.036842105263157,3.413
1598087591,1598087620,29,5.7092307692307696,2.603
1598091840,1598091854,14,5.267142857142857,1.334
1598097149,1598097352,203,5.597727272727273,10.474
1598112691,1598114931,2240,4.122105263157895,6.526
1598149561,1598149597,36,8.097692307692308,3.827
1598175430,1598175468,38,7.244571428571429,4.524
1598217663,1598220103,2440,4.2631304347826084,13.939
1598255932,1598257098,1166,4.731932773109244,12.191
1598274821,1598274855,34,3.084375,1.718
1598278579,1598278588,9,0.12,0.02
1598343562,1598343568,6,1.33,0.135
1598350524,1598350845,321,1.5646478873239438,9.698
1598357211,1598357579,368,0.12,0.738
1598396866,1598397163,297,6.067826086956522,38.959
1598426156,1598426744,588,0.78,2.546
1598429725,1598429938,213,2.593246753246753,4.34
1598432774,1598433503,729,3.67,7.407
1598441908,1598441937,29,3.465,1.47
1598448087,1598448545,458,2.3463157894736844,2.416
1598456327,1598465801,9474,2.3981385729058946,162.793
1598473260,1598479798,6538,2.525853658536585,27.134
1598506763,1598509593,2830,1.962142857142857,7.078
1598517479,1598517803,324,0.6224999999999999,0.717
1598525994,1598527667,1673,2.687619047619047,3.762
1598533854,1598534035,181,3.009333333333333,2.707
1598541091,1598541341,250,2.34375,3.033
1598545689,1598547363,1674,2.5730434782608693,6.362
1598576946,1598576951,5,5.569999999999999,0.557
1598579234,1598579238,4,0.12,0.01
1598590611,1598590734,123,0.12,0.248
1598598029,1598600433,2404,2.1270329670329673,11.284
1598604921,1598605135,214,3.0923684210526314,5.983
1598608880,1598608893,13,4.024285714285714,0.939
1598612922,1598614757,1835,2.758021978021978,5.176
1598625590,1598627147,1557,2.0713043478260866,3.069
1598631945,1598632492,547,2.094782608695652,1.9
1598636782,1598639966,3184,2.5995652173913046,3.462
1598663713,1598663940,227,0.12,0.456
1598666852,1598666859,7,5.434285714285714,0.757
1598684829,1598685395,566,1.694,1.105
1598693230,1598693247,17,2.215,0.455
1598695764,1598695774,10,1.02,0.112
1598699564,1598700901,1337,4.127205882352941,37.622
1598703570,1598703882,312,2.047142857142857,12.021
1598709615,1598709662,47,2.7430434782608697,2.193
1598712310,1598712331,21,1.7,0.626
1598716620,1598716636,16,2.0485714285714285,0.484
1598720762,1598722135,1373,3.6917948717948716,16.607
1598733605,1598734827,1222,5.44,1.481
1598750340,1598750406,66,0.12,0.134
1598754975,1598755025,50,7.9712499999999995,6.849
1598771900,1598772136,236,1.823283582089552,3.582
1598781391,1598781407,16,1.722,0.301
1598789002,1598789459,457,1.690909090909091,1.204
1598794280,1598796791,2511,2.3719047619047617,15.299
1598825430,1598825576,146,1.817142857142857,2.224
1598858387,1598859650,1263,1.5461538461538462,1.049
1598862539,1598862548,9,1.7742857142857142,0.267
1598865005,1598865429,424,1.7127272727272727,2.665
1598887185,1598888249,1064,1.508,4.529
1598890386,1598891066,680,4.26,1.279
1598895987,1598896497,510,3.1302857142857143,11.229
1598899806,1598901594,1788,2.0171134020618555,7.619
1598913081,1598913481,400,0.12,0.802
1598945007,1598945566,559,1.77,0.566
1598951601,1598951616,15,3.7359999999999998,1.001
1598957277,1598958204,927,2.090561797752809,6.555
1598965303,1598965336,33,3.57,1.992
1598972421,1598972436,15,1.65,0.185
1598981435,1598982100,665,2.989959183673469,20.217
1598985887,1598985912,25,0.63,0.164
1598993366,1598993705,339,1.5811267605633803,2.511
1598995927,1598995955,28,1.69125,0.477
1599009176,1599009186,10,4.002,0.671
1599015076,1599015327,251,0.12,0.504
1599033692,1599033697,5,1.296,0.135
1599036781,1599036781,1,0.6599999999999999,0.011
1599039972,1599039972,1,4.14,0.069
1599042275,1599042275,1,1.44,0.024
1599046503,1599046547,44,3.0572093023255813,2.298
1599048947,1599051039,2092,3.735,13.116
1599057996,1599058000,4,2.196,0.183
1599064364,1599064413,49,4.515652173913043,3.786
1599069947,1599070030,83,2.2043478260869565,2.922
1599092412,1599092825,413,7.107391304347826,11.711
1599102825,1599103050,225,0.12,0.452
1599115207,1599115791,584,1.2046153846153846,1.405
1599118086,1599121859,3773,2.9511462450592885,16.939
1599123723,1599123729,6,1.74,0.203
1599125830,1599125846,16,1.7657142857142856,0.454
1599132546,1599135501,2955,2.5602197802197804,14.741
1599137907,1599138444,537,1.212,2.372
1599157481,1599158036,555,2.582307692307692,2.231
1599183002,1599183030,28,2.7955555555555556,1.352
1599191928,1599192073,145,0.12,0.292
1599198918,1599199307,389,1.2553846153846153,1.026
1599209935,1599209997,62,9.27103448275862,9.631
1599217760,1599217792,32,3.3225,1.475
1599221432,1599221778,346,2.1946875,3.196
1599234729,1599235007,278,4.284761904761905,9.403
1599239566,1599241133,1567,2.6266019417475728,13.503
1599254737,1599254963,226,0.12,0.454
1599274343,1599274355,12,5.652,0.948
1599281476,1599281555,79,0.12,0.16
1599290423,1599292341,1918,2.1385185185185183,14.687
1599295572,1599295578,6,2.5599999999999996,0.316
1599297973,1599297997,24,2.9099999999999997,1.215
1599305909,1599312137,6228,3.912647058823529,25.086
1599314399,1599314881,482,2.76,0.092
1599319841,1599321521,1680,2.556,2.354
1599325677,1599326726,1049,1.83625,1.619
1599331639,1599331671,32,1.4577777777777778,0.743
1599359073,1599359936,863,5.142295081967212,6.208
1599373884,1599377161,3277,2.186384778012685,33.72
1599568500,1599569087,587,3.3040000000000003,1.799
1599571333,1599571344,11,2.2963636363636364,0.466
1599577167,1599577214,47,0.12,0.096
1599586124,1599586598,474,6.386428571428572,10.502
1599589762,1599590563,801,1.826086956521739,1.131
1599596931,1599596982,51,0.12,0.104
1599608641,1599608794,153,2.024516129032258,3.264
1599613763,1599613859,96,0.12,0.194
1599631571,1599631961,390,1.4749999999999999,1.1
1599634644,1599634656,12,0.636,0.069
1599637450,1599637455,5,4.8149999999999995,0.325
1599639475,1599639643,168,0.23,0.349
1599655711,1599655718,7,0.12,0.016
1599688907,1599689304,397,4.7036842105263155,17.499
1599704171,1599704240,69,0.15999999999999998,0.27
1599719910,1599720160,250,5.5487179487179485,11.876
1599734001,1599734034,33,0.15999999999999998,0.072
1599736419,1599737024,605,2.561052631578947,4.468
1599746228,1599747393,1165,4.756521739130434,25.637
1599749253,1599750133,880,4.46,0.733
1599754122,1599754130,8,0.14,0.02
1599759362,1599759405,43,0.12,0.088
1599775964,1599776326,362,1.575,1.019
1599781031,1599781109,78,4.367999999999999,5.405
1599796735,1599796759,24,0.12,0.05
1599806835,1599806993,158,2.919473684210526,8.233
1599821726,1599822572,846,3.243,1.152
1599825016,1599827147,2131,3.4012499999999997,7.901
1599838090,1599838099,9,0.12,0.02
1599851798,1599851845,47,3.4546666666666663,2.765
1599857612,1599857624,12,0.18,0.028
1599860361,1599860366,5,0.15,0.014
1599893435,1599894203,768,2.745,4.659
1599896034,1599896367,333,2.900816326530612,19.087
1599904846,1599910002,5156,2.1322018348623852,50.476
1599914725,1599915280,555,1.4785714285714284,1.469
1599920930,1599921521,591,1.908,1.482
1599934350,1599936683,2333,2.5940506329113924,11.265
1599945041,1599945054,13,4.901538461538461,1.154
1599952696,1599952724,28,0.12,0.058
1599955384,1599955439,55,0.12,0.112
1599980731,1599981008,277,2.126153846153846,3.57
1599983486,1599983580,94,2.207586206896552,1.773
1599986133,1599986161,28,0.9369230769230769,0.282
1599994382,1599997069,2687,2.831454545454545,50.235
1600013190,1600013473,283,1.712,1.011
1600016775,1600016782,7,3.27,0.436
1600022861,1600022890,29,0.12,0.06
1600102320,1600102320,1,1.2,0.02
1600107135,1600107143,8,1.665,0.159
1600147718,1600148824,1106,3.1066666666666665,0.47
1600152363,1600152698,335,1.5,2.441
1600164197,1600167856,3659,2.6723076923076925,76.364
1600171615,1600172660,1045,3.196153846153846,7.468
1600178215,1600179733,1518,1.3,0.144
1600182387,1600183141,754,2.3137499999999998,15.479
1600192675,1600198097,5422,2.98601226993865,24.021
1600207718,1600207739,21,3.3089999999999997,1.17
1600212244,1600212500,256,0.12,0.514
1600238336,1600239656,1320,2.494838709677419,9.802
1600250506,1600250520,14,2.476363636363636,0.622
1600253572,1600256832,3260,2.227674418604651,16.451
1600259598,1600261639,2041,3.8529310344827588,11.72
1600275877,1600275906,29,0.12,0.06
1600283577,1600284587,1010,2.463076923076923,3.424
1600289857,1600290296,439,9.15,64.253
1600299009,1600299084,75,0.12,0.152
1600303034,1600303046,12,4.575,0.971
1600310664,1600310818,154,0.12,0.31
1600326338,1600328328,1990,2.9879999999999995,10.482
1600333477,1600333483,6,0.62,0.039
1600335429,1600335451,22,3.488181818181818,1.346
1600338297,1600343581,5284,3.077957746478873,45.56
1600353087,1600356112,3025,1.8521052631578947,4.194
1600382115,1600382183,68,4.527096774193549,5.002
1600397461,1600397861,400,0.12,0.802
1600408441,1600410765,2324,2.266229508196721,15.492
1600413050,1600413469,419,6.087,2.912
1600424994,1600425064,70,0.12,0.142
1600439029,1600439065,36,4.897714285714286,3.031
1600450375,1600450451,76,0.12,0.154
1600467527,1600467535,8,2.4299999999999997,0.378
1600477960,1600478118,158,0.12,0.318
1600500650,1600501668,1018,2.692682926829268,30.936
1600503912,1600504408,496,6.64,86.516
1600513753,1600514182,429,2.16,9.759
1600516087,1600517091,1004,2.8958823529411766,4.287
1600519371,1600519382,11,2.787272727272727,0.567
1600525152,1600525656,504,3.063380281690141,8.306
1600527926,1600528049,123,1.3658823529411765,1.723
1600532189,1600534521,2332,4.01328,29.866
1600540230,1600542864,2634,2.466645569620253,26.413
1600550728,1600551047,319,1.9124999999999999,1.448
1600556716,1600557261,545,4.972363636363636,5.843
1600586239,1600586631,392,2.3249999999999997,4.131
1600588893,1600589920,1027,1.21,2.274
1600595576,1600595862,286,1.3107692307692307,1.493
1600597680,1600602732,5052,2.234306049822064,39.954
1600610685,1600611251,566,1.1292857142857142,5.364
1600626673,1600627218,545,1.914782608695652,0.798
1600667200,1600667221,21,0.1542857142857143,0.05
1600672704,1600676035,3331,1.8299999999999998,8.14
1600690263,1600695588,5325,2.225892857142857,44.845
1600702577,1600708100,5523,3.1071951219512197,14.642
1600711115,1600711239,124,1.5719999999999998,0.718
1600758094,1600759167,1073,1.893,4.759
1600769000,1600774093,5093,2.297938144329897,57.328
1600783939,1600786872,2933,1.0926315789473684,1.052
1600795647,1600804060,8413,2.7746289752650175,31.963
1600808043,1600808133,90,3.325454545454545,4.463
1600810012,1600816075,6063,3.417457627118644,7.136
1600855896,1600856715,819,5.535,5.144
1600874264,1600874498,234,1.8741176470588234,1.129
1600926370,1600927382,1012,1.7326315789473683,8.052
1600935161,1600936691,1530,6.058909090909091,6.322
1600951329,1600951868,539,1.5885106382978722,7.942
1600956771,1600956830,59,0.41,0.149
1601016915,1601017398,483,2.783333333333333,0.893
1601020330,1601021925,1595,2.5244444444444443,5.064
1601031377,1601035215,3838,1.657372881355932,30.483
1601041568,1601041578,10,0.72,0.072
1601047063,1601047389,326,1.1133333333333333,0.855
1601049786,1601050532,746,2.9124999999999996,1.273
1601055898,1601056289,391,0.495,0.809
1601103634,1601104246,612,1.7033333333333334,0.563
1601110205,1601112638,2433,3.3257142857142856,1.694
1601115401,1601116103,702,3.0085714285714285,24.007
1601118859,1601124247,5388,2.0714516129032257,19.701
1601126570,1601127683,1113,1.5105882352941176,0.57
1601137104,1601138618,1514,1.2985714285714285,0.677
1601194669,1601196155,1486,2.2882666666666664,24.337
1601211946,1601215402,3456,2.2593220338983047,58.714
1601224584,1601226229,1645,3.2585714285714285,5.008
1601228495,1601228534,39,3.612,1.081
1601230667,1601230855,188,4.462105263157894,4.831
1601274005,1601274035,30,1.8035294117647058,0.577
1601284668,1601284686,18,1.92,0.128
1601286672,1601286710,38,3.7966666666666664,1.271
1601290743,1601294088,3345,3.701739130434783,53.528
1601306564,1601306593,29,2.548,0.716
1601315514,1601320340,4826,2.8692086330935247,19.912
1601323139,1601323142,3,1.4849999999999999,0.099
1601326421,1601326696,275,2.1591044776119404,6.673
1601329769,1601329802,33,2.841818181818182,1.125
1601360672,1601360708,36,1.9234285714285713,1.188
1601447946,1601450780,2834,3.0874809160305343,14.965
1601474618,1601474626,8,1.7333333333333334,0.26
1601479001,1601479383,382,2.273333333333333,1.785
1601535472,1601535479,7,2.9475,0.393
1601552139,1601552783,644,3.8583333333333334,50.757
1601554790,1601556280,1490,3.1287197231833908,39.819
1601558730,1601560243,1513,3.0399999999999996,0.152
1601563009,1601563056,47,3.871304347826087,1.608
1601569150,1601569165,15,2.2885714285714287,0.458
1601574934,1601575697,763,2.355652173913043,2.877
1601591512,1601591595,83,5.5661538461538465,3.91
1601618612,1601618693,81,1.5981818181818181,0.48
1601655166,1601655405,239,1.817142857142857,0.721
1601659201,1601659292,91,1.8304225352112675,2.348
1601664497,1601667885,3388,3.023076923076923,40.152
1601706670,1601706677,7,2.3249999999999997,0.31
1601715274,1601715376,102,6.797441860465116,10.348
1601739338,1601740789,1451,2.300952380952381,5.791
1601746374,1601746403,29,2.376,0.488
1601795198,1601797174,1976,3.5999999999999996,38.397
1601800151,1601801228,1077,4.5888679245283015,8.658
1601804169,1601806564,2395,0.7899999999999999,1.771
1601837791,1601840598,2807,2.2478571428571428,7.553
1601882200,1601882231,31,3.1548387096774193,1.684
1601884551,1601884756,205,0.62,0.864
1601887551,1601890095,2544,1.8159999999999998,4.81
1601894253,1601898174,3921,2.851627906976744,13.793
1601914584,1601914593,9,0.42,0.06
1601929171,1601929173,2,1.6,0.08
1601943056,1601943062,6,0.12,0.014
1601963513,1601964647,1134,2.846865671641791,13.111
1601979068,1601979097,29,7.720714285714284,3.751
1601984893,1601986934,2041,2.8726530612244896,34.87
1601993729,1601993852,123,1.7734615384615384,3.284
1602013790,1602014497,707,2.038736842105263,10.658
1602020396,1602020440,44,2.6174999999999997,0.423
1602051687,1602052286,599,2.158333333333333,1.546
1602065441,1602065657,216,0.12,0.434
1602071486,1602073551,2065,2.266060606060606,5.478
1602084654,1602084672,18,0.9700000000000001,0.123
1602095043,1602095080,37,1.98,1.251
1602103602,1602103667,65,0.12,0.132
1602107061,1602107067,6,2.2285714285714286,0.26
1602120568,1602120572,4,0.12,0.01
1602140753,1602144002,3249,2.89625,39.444
1602159245,1602162154,2909,2.6022857142857143,37.476
1602168577,1602168628,51,0.5057142857142857,0.165
1602181146,1602182210,1064,2.305862068965517,6.035
1602195449,1602195733,284,1.9816216216216214,5.15
1602208170,1602208177,7,0.18,0.018
1602222598,1602224092,1494,1.592,7.607
1602226509,1602226509,1,0.8999999999999999,0.015
1602266037,1602266049,12,2.6914285714285713,0.398
1602283819,1602283826,7,3.795,0.506
1602298995,1602299131,136,0.12,0.274
1602311722,1602312068,346,2.493294797687861,9.421
1602317621,1602317710,89,4.463333333333333,4.054
1602321010,1602325865,4855,3.043265306122449,41.473
1602339348,1602339776,428,2.5578947368421048,8.238
1602343271,1602343281,10,0.44999999999999996,0.033
1602358955,1602358996,41,0.12,0.084
1602400160,1602400904,744,1.8315,2.951
1602413259,1602415648,2389,2.2560919540229882,34.75
1602429778,1602429792,14,2.052857142857143,0.524
1602454287,1602454314,27,1.105,0.275
1602481162,1602481213,51,2.5366666666666666,0.881
1602486390,1602486393,3,2.06,0.105
1602504577,1602504589,12,0.12,0.026
1602527195,1602527326,131,1.7388461538461537,3.408
1602530989,1602530989,1,7.92,0.132
1602546073,1602547723,1650,0.12,0.79
1602568624,1602569205,581,2.4623376623376623,14.527
1602579600,1602579601,1,3.42,0.114
1602608791,1602612952,4161,2.1896842105263157,21.9
1602625092,1602626159,1067,2.198490566037736,2.163
1602628864,1602628864,1,1.08,0.018
1602649469,1602649474,5,0.12,0.012
1602689805,1602689821,16,0.12,0.034
1602748287,1602748460,173,3.514576271186441,4.871
1602770085,1602770094,9,1.7299999999999998,0.239
1602787678,1602790576,2898,2.6703448275862067,4.651
1602796122,1602798029,1907,2.8896275071633237,24.758
1602820724,1602821809,1085,0.84,0.438
1602837777,1602837861,84,0.12,0.17
1602974691,1602975642,951,3.4516216216216216,4.615
1603016823,1603017794,971,3.1026315789473684,2.212
1603045391,1603045399,8,0.12,0.018
1603264258,1603264277,19,7.481249999999999,2.154
1603284054,1603286738,2684,2.6186301369863014,25.592
1603295453,1603296777,1324,2.2036363636363636,0.527
1603805620,1603805622,2,2.0,0.1
1603809917,1603811360,1443,2.1516190476190475,31.51
1603904458,1603905130,672,5.014285714285714,46.44
1604070994,1604071411,417,5.8,21.227
1604226943,1604228386,1443,4.6659999999999995,16.7
1604423258,1604424081,823,3.889696969696969,7.446
